1 	 El Nacional 	5 	4 	1 	0 	6 	1 	+5 	13 		3 	0 	0 	5 	1 		
	
		1 	1 	0 	1 	0 		2.60 	20% 	4 	1 	20% 
2 	 Barcelona SC 	6 	4 	0 	2 	11 	5 	+6 	12 		3 	0 	0 	7 	2 		
	
		1 	0 	2 	4 	3 		2.00 	83% 	2 	1 	50% 
3 	 Emelec 	5 	3 	1 	1 	8 	3 	+5 	10 		0 	1 	1 	2 	3 		
	
		3 	0 	0 	6 	0 		2.00 	40% 	3 	1 	20% 
4 	 U Catolica 	7 	2 	3 	2 	8 	8 	0 	9 		2 	1 	1 	4 	3 		
	
		0 	2 	1 	4 	5 		1.29 	43% 	2 	1 	57% 
5 	 Dep Cuenca 	7 	2 	2 	3 	10 	8 	+2 	8 		1 	1 	1 	3 	1 		
	
		1 	1 	2 	7 	7 		1.14 	71% 	2 	2 	57% 
6 	 Delfin SC 	5 	2 	1 	2 	6 	6 	0 	7 		2 	1 	0 	5 	2 		
	
		0 	0 	2 	1 	4 		1.40 	40% 	1 	1 	60% 
7 	 Aucas 	5 	2 	1 	2 	6 	7 	-1 	7 		1 	1 	0 	4 	2 		
	
		1 	0 	2 	2 	5 		1.40 	60% 	1 	1 	60% 
8 	 Fuerza Amarilla 	6 	2 	1 	3 	4 	7 	-3 	7 		2 	1 	0 	3 	1 		
	
		0 	0 	3 	1 	6 		1.17 	50% 	2 	3 	33% 
9 	 Independiente 	3 	2 	0 	1 	3 	3 	0 	6 		1 	0 	1 	2 	3 		
	
		1 	0 	0 	1 	0 		2.00 	33% 	1 	1 	33% 
10 	 Mushuc Runa 	6 	1 	3 	2 	5 	9 	-4 	6 		1 	0 	1 	2 	4 		
	
		0 	3 	1 	3 	5 		1.00 	50% 	1 	2 	67% 
11 	 River Ecuador 	6 	1 	0 	5 	5 	12 	-7 	3 		1 	0 	3 	4 	8 		
	
		0 	0 	2 	1 	4 		0.50 	67% 	0 	3 	50% 
12 	 LDU de Quito 	3 	0 	1 	2 	1 	4 	-3 	1 		0 	1 	0 	1 	1 		
	
		0 	0 	2 	0 	3 		0.33 	0% 	0 	2 	33%