1 	 Barcelona SC 	7 	4 	1 	2 	12 	6 	+6 	13 		3 	0 	0 	7 	2 		
	
		1 	1 	2 	5 	4 		1.86 	71% 	2 	1 	57% 
2 	 Emelec 	6 	4 	1 	1 	9 	3 	+6 	13 		1 	1 	1 	3 	3 		
	
		3 	0 	0 	6 	0 		2.17 	33% 	4 	1 	17% 
3 	 El Nacional 	6 	4 	1 	1 	6 	3 	+3 	13 		3 	0 	0 	5 	1 		
	
		1 	1 	1 	1 	2 		2.17 	17% 	4 	2 	17% 
4 	 Fuerza Amarilla 	7 	3 	1 	3 	6 	7 	-1 	10 		3 	1 	0 	5 	1 		
	
		0 	0 	3 	1 	6 		1.43 	43% 	3 	3 	29% 
5 	 U Catolica 	7 	2 	3 	2 	8 	8 	0 	9 		2 	1 	1 	4 	3 		
	
		0 	2 	1 	4 	5 		1.29 	43% 	2 	1 	57% 
6 	 Dep Cuenca 	7 	2 	2 	3 	10 	8 	+2 	8 		1 	1 	1 	3 	1 		
	
		1 	1 	2 	7 	7 		1.14 	71% 	2 	2 	57% 
7 	 Delfin SC 	6 	2 	1 	3 	6 	7 	-1 	7 		2 	1 	0 	5 	2 		
	
		0 	0 	3 	1 	5 		1.17 	33% 	1 	2 	50% 
8 	 Aucas 	6 	2 	1 	3 	6 	8 	-2 	7 		1 	1 	1 	4 	3 		
	
		1 	0 	2 	2 	5 		1.17 	50% 	1 	2 	50% 
9 	 Mushuc Runa 	7 	1 	4 	2 	6 	10 	-4 	7 		1 	1 	1 	3 	5 		
	
		0 	3 	1 	3 	5 		1.00 	43% 	1 	2 	71% 
10 	 Independiente 	3 	2 	0 	1 	3 	3 	0 	6 		1 	0 	1 	2 	3 		
	
		1 	0 	0 	1 	0 		2.00 	33% 	1 	1 	33% 
11 	 LDU de Quito 	4 	1 	1 	2 	2 	4 	-2 	4 		0 	1 	0 	1 	1 		
	
		1 	0 	2 	1 	3 		1.00 	0% 	1 	2 	25% 
12 	 River Ecuador 	6 	1 	0 	5 	5 	12 	-7 	3 		1 	0 	3 	4 	8 		
	
		0 	0 	2 	1 	4 		0.50 	67% 	0 	3 	50% 