1	 Emelec	22	12	7	3	42	20	+22	43	
1.95	45%	18%
2	 LDU de Quito	22	13	3	6	42	26	+16	42	
1.91	23%	14%
3	 U. Catolica	22	12	4	6	35	27	+8	40	
1.82	23%	14%
4	 Independiente	22	11	4	7	45	30	+15	37	
1.68	27%	5%
5	 Aucas	22	8	8	6	27	25	+2	32	
1.45	36%	32%
6	 Barcelona SC	22	8	7	7	23	21	+2	30	
1.41	36%	41%
7	 River Ecuador	22	7	7	8	26	30	-4	28	
1.27	27%	27%
8	 LDU de Loja	22	8	3	11	28	33	-5	26	
1.23	14%	18%
9	 Dep. Cuenca	22	6	7	9	21	27	-6	25	
1.14	32%	36%
10	 Mushuc Runa	22	5	9	8	26	33	-7	24	
1.09	14%	18%
11	 El Nacional	22	6	3	13	17	34	-17	21	
0.95	27%	36%
12	 Deportivo Quito	22	3	4	15	15	41	-26	7	
0.59	9%	55%